Data Set psAtwaterC02-LL1:

      Process Times on Resources
Prod  M1     M2     M3     M4     M5     M6     M7     M8     M9     M10    M11    M12    M13    Di        CMi       
P1    0.78   0.726  0      1.057  0      0      0      0      0      1.8    0      0      0      190       20        
P2    0      0.726  0      0      2      0      0      1.875  0      1.8    0      0      0      240       60        
P3    0      0      0      0      0      1.4    0      0      0      0      0      1.157  0      220       20        
P4    0      0      0      0      0      0      1.775  0      0      1.8    0      0      0      300       40        
P5    0      0      0      0      0      0      0      0      0      0      0      1.157  0      290       55        
P6    0      0      0      0      2      0      0      0      0      0      0      1.157  0      200       70        
P7    0      0      0      0      0      0      0      1.875  0      0      0      1.157  0      260       35        
P8    0      0      3      0      0      1.4    0      1.875  1.175  0      0      1.157  0      170       25        
P9    0      0      3      0      2      2.8    0      1.875  0      1.8    0      1.157  1.45   210       20        
P10   0.78   0      3      1.057  2      2      1.775  0      1.175  0      1.44   1.157  1.45   600       50        

Capa   2040   2040   2040   2040   2040   2040   2040   2040   2040   2040   2040   2040   2040   
Crit  0.201  0.214  0.714  0.242  0.702  0.706  0.387  0.54   0.256  0.548  0.176  0.87   0.307  

End of Data Set
---------------

Final MPS of Fredendall and Lea (1997):

              Left Capacity on Resources
Prod   Qty    M5        M3        M6        M12       Throughput     
P6     200    1640      2040      2040      1808.6    14000          
P2     240    1160      2040      2040      1808.6    14400          
P10    580    0         300       880       1137.54   29000          
P9     0      0         300       880       1137.54   0              
P5     290    0         300       880       802.01    15950          
P4     300    0         300       880       802.01    12000          
P7     260    0         300       880       501.19    9100           
P8     100    0         0         740       385.49    2500           
P1     190    0         0         740       385.49    3800           
P3     220    0         0         432       130.95    4400           

Total Throughput: 105150

End of the MPS Table of Fredendall and Lea (1997)
-------------------------------------------------

Final MPS of Sobreiro and Nagano (2012):

              Left Capacity on Resources
Prod   Qty    M3        M5        M6        M12       Throughput     
P6     200    2040      1640      2040      1808.6    14000          
P5     290    2040      1640      2040      1473.07   15950          
P10    600    240       440       840       778.87    30000          
P7     260    240       440       840       478.05    9100           
P8     80     0         440       728       385.49    2000           
P3     220    0         440       420       130.95    4400           
P9     0      0         440       420       130.95    0              
P2     220    0         0         420       130.95    13200          
P4     300    0         0         420       130.95    12000          
P1     190    0         0         420       130.95    3800           

Total Throughput: 104450

End of the MPS Table of Sobreiro and Nagano (2012)
-------------------------------------------------

Final MPS of COLOMAPS Algorithm:

              Left Capacity on Resources
Prod   Qty    M12       M3        M5        M6        Throughput     
P6     200    1808.6    2040      1640      2040      14000          
P5     290    1473.07   2040      1640      2040      15950          
P10    600    778.87    240       440       840       30000          
P7     260    478.05    240       440       840       9100           
P8     80     385.49    0         440       728       2000           
P3     220    130.95    0         440       420       4400           
P9     0      130.95    0         440       420       0              
P2     220    130.95    0         0         420       13200          
P4     300    130.95    0         0         420       12000          
P1     190    130.95    0         0         420       3800           

Total Throughput: 104450

End of the MPS Table of COLOMAPS Algorithm
-------------------------------------------------