Data Set psAtwaterC02-LL2:

      Process Times on Resources
Prod  M1     M2     M3     M4     M5     M6     M7     M8     M9     M10    M11    M12    M13    Di        CMi       
P1    0      0.726  0      1.057  0      0      0      0      1.175  1.8    1.44   0      0      190       20        
P2    0      0.726  0      0      2      0      0      1.875  1.175  1.8    1.44   0      0      240       60        
P3    0      0.726  0      1.057  0      1.4    0      0      0      0      1.44   1.157  0      220       20        
P4    0      0.726  0      2      0      0      1.775  0      0      1.8    2      0      0      300       40        
P5    0      1.089  0      2      0      0      0      0      0      0      0      0      1.45   290       55        
P6    0      0.726  0      0      0      0      0      0      0      0      0      0      1.45   200       70        
P7    0      1.089  0      0      0      0      0      1.875  0      0      0      0      1.45   260       35        
P8    0      1.089  0      1.057  0      1.4    0      1.875  0      0      0      0      0      170       25        
P9    0.78   1.089  0      1.057  0      2.8    0      1.875  0      1.8    0      0      0      210       20        
P10   0.78   1.089  2.667  1.057  0      1.4    1.775  0      0      0      2      1.157  0      310       50        

Capa   2040   2040   2040   2040   2040   2040   2040   2040   2040   2040   2040   2040   2040   
Crit  0.057  0.959  0.137  0.7    0.048  0.429  0.232  0.435  0.083  0.446  0.595  0.111  0.136  

End of Data Set
---------------

Final MPS of Fredendall and Lea (1997):

              Left Capacity on Resources
Prod   Qty    M11       M4        M2        Throughput     
P2     240    1694.4    2040      1865.76   14400          
P10    310    1074.4    1712.33   1528.17   15500          
P4     300    474.4     1112.33   1310.37   12000          
P1     190    200.8     911.5     1172.43   3800           
P3     139    0.640015  764.577   1071.52   2780           
P6     200    0.640015  764.577   926.316   14000          
P5     290    0.640015  184.577   610.506   15950          
P7     260    0.640015  184.577   327.366   9100           
P8     170    0.640015  4.8869    142.236   4250           
P9     4      0.640015  0.658902  137.88    80             

Total Throughput: 91860

End of the MPS Table of Fredendall and Lea (1997)
-------------------------------------------------

Final MPS of Sobreiro and Nagano (2012):

              Left Capacity on Resources
Prod   Qty    M4        M2        M11       Throughput     
P2     240    2040      1865.76   1694.4    14400          
P10    310    1712.33   1528.17   1074.4    15500          
P4     300    1112.33   1310.37   474.4     12000          
P1     190    911.5     1172.43   200.8     3800           
P3     139    764.577   1071.52   0.640015  2780           
P6     200    764.577   926.316   0.640015  14000          
P5     290    184.577   610.506   0.640015  15950          
P7     260    184.577   327.366   0.640015  9100           
P8     170    4.8869    142.236   0.640015  4250           
P9     4      0.658902  137.88    0.640015  80             

Total Throughput: 91860

End of the MPS Table of Sobreiro and Nagano (2012)
-------------------------------------------------

Final MPS of COLOMAPS Algorithm:

              Left Capacity on Resources
Prod   Qty    M2        M4        M11       Throughput     
P6     200    1894.8    2040      2040      14000          
P2     240    1720.56   2040      1694.4    14400          
P4     300    1502.76   1440      1094.4    12000          
P5     290    1186.95   860       1094.4    15950          
P10    310    849.36    532.33    474.4     15500          
P7     260    566.22    532.33    474.4     9100           
P1     109    487.087   417.117   317.44    2180           
P3     220    327.366   184.577   0.640015  4400           
P8     170    142.236   4.88693   0.640015  4250           
P9     4      137.88    0.658932  0.640015  80             

Total Throughput: 91860

End of the MPS Table of COLOMAPS Algorithm
-------------------------------------------------